version https://git-lfs.github.com/spec/v1
oid sha256:d11b58135e4d8c7d10700eeeb6a741325f96dbae0eed71d78479b3888cc1a3ba
size 1138
